map_config:
  latitude:  30.695363958728066  #30.69478208641  #37.3523954884630
  longitude: 119.86830480644454  #119.86808661303 #-121.953502171180  
  elevation: -0.1801             #0.2548         #-7.152557E-07
  roll: 0.0
  pitch: 0.0
  yaw: 0.0

