map_config:
  latitude: 37.3523954884630
  longitude: -121.953502171180
  elevation: -7.152557E-07
  roll: 0.0
  pitch: 0.0
  yaw: 0.0

